Search results for "spring"
DOC_ID		LINE (in specific work)
1500		2211
1106		2956
1128		3350
1502		2105
1128		1255
1787		823
1128		482
1502		1688
1794		3349
1112		4333
1129		325
1502		2688
1111		2152
1100		1441
2250		2304
1765		1848
1765		1441
2250		2105
1129		1257
1115		3611
1111		2324
1546		213
1546		90
1544		143
1111		372
1103		1988
1502		4234
1115		581
1771		2956
1541		2418
1100		1848
1130		2092
1794		1254
1123		1991
1537		2953
1773		688
1102		3114
1101		1820
1122		4552
1794		481
1537		113
1111		2957
1111		2960
2250		207
1117		980
1534		2889
1122		4020
1041		903
1501		3418
1101		1744
1776		371
1533		1385
1117		3335
1503		2818
1533		124
1041		1072
1041		19
1104		1185
2247		1931
1108		679
1102		2048
1776		2153
1101		2710
1776		2325
1133		321
1524		5182
1501		2207
1102		1697
1133		1372
1776		2958
1776		2961
1109		3506
1109		3503
1501		2105
1105		227
1524		876
1045		231
1113		772
1780		577
1102		1354
1505		130
1113		801
1119		1343
1045		201
1041		1660
1105		1110
1505		453
1105		1279
1045		185
1505		765
1041		1733
1109		2169
1505		1068
1105		1867
1134		2458
1105		1940
1521		1369
1134		3614
1124		665
1045		803
1518		3802
1780		3609
1505		1737
1784		1339
1518		837
1787		4020
1135		2224
1122		823
1516		4241
1782		980
1512		180
1109		368
1109		362
1516		423
1136		2049
1802		2115
1513		5149
1513		3008
1787		4552
1112		2563
1790		608
1782		3334
1045		973
1512		2509
1121		3492
1512		3589
1512		3582
1121		3487
1121		3482
1121		3477
1121		3475
1500		1655
1512		2748

Search results for "summer"
DOC_ID		LINE (in specific work)
1106		1170
1500		549
1115		2348
1116		1024
1125		3232
1105		1983
1765		643
1541		3840
1114		1808
1103		4023
1041		1600
1505		1031
1102		1355
1501		1886
1109		2798
1780		578
1113		1362
1101		1572
1117		2441
1136		3107
1503		5739
1102		1648
1782		2440
1102		1657
1133		3148
1109		3520
1106		2957
1041		1737
1790		2312
1533		729
1041		1160
1537		1613
1518		2683
1105		1807
1771		1170
1111		513
1105		1860
1103		3208
1518		3882
1041		308
1105		515
1802		3196
1132		1939
1133		2206
1105		290
1105		1944
1103		112
1512		2576
1531		4573
2250		364
1131		3813
1109		369
1111		2206
1105		304
2250		2163
1119		4260
1503		68
1114		1707
1776		512
2247		511
1041		82
1544		181
1117		3395
1521		203
1135		2543
1110		3189
1127		3407
1134		2451
1502		1689
1114		3359
1784		4262
1780		2345
1119		400
1793		3409
1129		758
1784		396
1112		2107
1115		582
1124		2553
1512		355
1782		3394
1112		743
1100		643
1041		1776
1134		273
1771		2957
1502		2053
1798		1931
1516		423
1105		1367
1502		2044
1521		4941
1113		801
1134		2167
1797		3812
1113		800
1513		829
1503		4580
1041		97
1544		183
1045		974
1123		641
1513		2470
1041		1653
1776		2207
1118		1274

Search results for "fall"
DOC_ID		LINE (in specific work)
1101		2830
1124		2113
1790		2309
1790		2311
1132		1733
1117		1836
1790		2317
1112		2709
1130		2704
1118		374
1790		3267
1131		2301
1104		870
1782		3231
1119		1800
1790		2320
1512		1972
1128		3475
1111		3358
1802		3325
1524		2718
1776		1707
1787		4891
1135		1430
1129		634
1531		5112
1524		2579
1802		1363
1780		2509
1802		970
1518		3699
1121		540
1802		2877
1765		1766
1041		2572
1794		2018
1133		3772
1793		3624
1541		4707
1512		1981
1794		4400
2247		1902
1127		4229
1500		2225
1776		1225
1133		553
1126		2684
1533		2678
1120		1832
1503		652
1128		2305
1531		2898
1502		4513
1531		721
1103		4192
1544		147
1505		1769
1771		1180
1794		2304
1110		2994
1110		1594
1500		2075
1135		1423
1521		4436
1773		2743
1776		3344
1119		4070
1776		3357
1131		1650
1541		3448
1776		3343
1045		879
1503		1068
1537		3939
1518		5130
1784		1994
1531		4909
1790		1554
1114		577
1101		327
1782		1836
1790		3411
1798		3123
1773		517
1522		2752
1522		2068
1136		2802
1790		3174
1128		431
1041		2574
1102		1931
1101		2567
1133		4329
1103		3878
1125		3668
1513		3228
1106		3158
1771		1869
1123		3288
1793		759
1531		2922
1120		1746
1108		508
1541		64
1132		472
1103		3989
1130		2975
1112		715
1118		3377
1110		1289
1130		1899
1121		704
1120		2165
1124		2561
1100		1856
1105		2778
1124		2558
1124		4308
1794		2025
1105		2780
1121		705
1502		2042
1503		2456
1782		1698
1541		2425
1513		1887
1798		2546
1111		1713
1045		936
1124		3710
1501		3213
1136		1341
1100		2209
1100		1247
1119		2311
1522		2027
1111		2747
1765		2211
1103		4129
2250		1103
1124		4589
1793		735
1782		3009
1802		2241
1133		3847
1503		6070
1109		968
1787		4874
1115		751
1531		4907
1135		2109
1802		1377
1120		1688
1111		1708
1534		4487
1106		1853
1513		2389
1798		3200
1100		3105
1130		1973
1512		2139
1103		4224
1784		3812
1503		1637
1505		704
1124		2552
1802		2400
1797		2241
1122		4562
1522		2345
1131		972
1127		2402
1119		1997
2250		2758
1122		2987
1135		1405
1117		2027
1500		3507
1124		2550
1132		727
2247		102
1541		3297
1106		1443
1107		1996
1123		646
1112		2747
1121		336
1102		2354
1534		6230
1122		3910
1793		3627
1112		3387
1132		3209
1109		1494
1111		3343
1522		3154
1103		4238
1136		1326
1797		973
1502		2427
1130		4221
1127		3750
1521		1137
1130		639
1524		5261
1513		2471
1776		1713
1518		3892
1101		1765
1797		4643
1531		2092
1784		1155
1521		4742
1100		1766
1136		3740
1537		289
1130		3559
1534		2697
1101		1531
1110		368
1503		6036
1518		3390
1130		4227
1108		2733
1794		2435
1537		1505
1124		1689
1531		2094
1765		1403
1782		3402
1787		4074
1045		876
1122		4891
1110		1906
1131		760
1771		1853
1531		5982
1513		3172
1103		426
1132		3258
1136		2687
1784		1151
1533		1560
1114		734
1501		111
1776		2384
1132		2555
1537		2212
1107		648
1130		2469
1512		3316
1784		4071
1503		6020
1802		2761
1500		2727
1131		4644
1501		1341
1784		2325
1505		607
2250		533
1516		626
1110		2289
1522		4113
1773		440
1101		350
1127		2386
1780		854
1513		2547
2250		1786
1112		1299
1522		2283
1126		3219
1126		371
1790		3966
1793		1817
1503		1390
1521		311
1503		319
1111		1856
1135		2336
1110		1908
1102		1646
1104		289
1118		3149
1522		2174
1534		3869
1121		2433
1122		4874
1802		272
1797		4608
1500		1353
1501		141
1541		4014
2247		1636
1117		4313
1534		3501
1125		349
1100		1403
1120		343
1127		1813
1136		2056
1103		2723
1798		1281
1765		881
1790		4231
1765		3106
1765		1939
1503		5986
1500		3167
1771		1443
1137		262
1112		2108
1798		1725
1533		3083
1513		3996
1100		1878
1776		2355
1503		5981
1802		3578
1108		431
1110		1353
1765		1856
1500		873
1124		4480
1513		765
1512		1289
1793		1815
1518		1724
1111		667
1127		1815
1120		2973
1541		4984
1503		5707
1513		4083
1114		2427
1132		1289
1793		2388
1129		3079
1501		3591
1116		517
1136		265
1121		223
1101		1735
1541		3110
1113		2475
1501		3603
1503		1229
1041		223
1129		1371
1782		4312
1802		2123
1132		3132
2247		1332
1125		3311
1132		3151
1124		4134
1129		1549
1114		742
1129		2414
1513		774
1103		1176
1102		3312
1132		3191
1112		699
1541		3099
1130		321
1129		2149
1534		5170
1524		3843
1135		2512
1771		1292
1502		1386
1128		2019
1111		3344
1121		1575
1103		1746
1135		277
1112		698
1794		3474
1802		4103
1128		2026
1513		775
1541		961
1503		520
1113		2032
1117		544
1103		301
1109		1672
1118		1087
1533		1807
1534		4280
1521		1862
1502		3189
1136		951
1120		1663
1513		1487
1110		2307
1798		3221
1103		4187
1798		719
1120		1874
1776		666
1505		1376
1503		5705
1121		3737
1793		2404
1136		3230
1128		2436
1521		1141
1524		3386
1503		5902
1112		2170
1136		2171
1524		5901
1793		3752
1516		766
1513		793
1522		1246
1534		6472
1537		1791
1541		4336
1118		1090
1133		3491
1531		751
1100		881
1787		2674
1134		2462
1771		1974
1102		1148
1117		1698
1122		2039
1111		2383
1534		6217
1121		3739
1802		2624
1797		1651
1794		430
1103		3987
1112		3935
1798		3249
1512		4158
1798		3182
1771		3158
1136		3965
1136		1374
1790		1144
1111		2354
1110		902
1117		3403
1784		1797
1107		566
1793		4231
1516		2908
1790		1921
1541		1501
1500		3882
1124		3557
1512		4181
1513		4650
1798		3142
1776		2326
1133		3425
1123		1708
1502		3109
1110		1391
1534		628
1126		834
1524		5089
1117		3232
1787		3910
1121		2490
1102		2401
1115		2512
1104		2098
1524		6347
2250		2305
1120		2418
1787		2987
1780		2861
1119		1159
1541		2583
1103		781
1121		2497
1501		569
1107		2304
1797		761
1106		1292
1133		2740
1113		798
1112		689
1790		4131
1533		577
1100		2806
1119		477
1112		1635
2250		2336
1128		4401
1518		1883
1522		1193
1127		3622
1125		1376
1106		1180
1518		369
1787		4562
1127		3625
1780		747
1130		3114
1501		1825
1802		2613
1120		1093
1136		2327
1784		473
1787		4169
1501		2128
1776		1857
1045		652
1782		2027
1133		4432
1512		2826
1101		1207
1123		1970
1135		1349
1503		3896
1130		4384
1122		4074
1117		3010
1524		6375
1124		1240
1518		2169
1111		1226
1120		1128
1501		2096
1765		2548
1118		3463
1521		2528
1122		2152
1127		733
1100		2547
1521		2141
1101		685
1124		3463
1100		1939
1776		2748
1125		2436
1113		2526
1131		3992
1534		123
1541		2798
1500		1584
1503		5587
1765		1878
1127		757
1500		2341
1112		3462
1112		2033
1790		3811
1122		4169
1787		2039
1537		1453
1522		131
1784		2309
1136		2552
1106		1974
1132		3230
1802		3864
1802		1410
1765		2807
1103		895
2250		1654
1512		555
1771		1262
1125		977
1105		430
1131		2240
2247		3316
1541		1549
1533		4033
1125		1910
1787		2152
1136		3477
1541		1482
1123		266
1111		2325
1133		3534
1126		812
1119		1155
1114		2674
1103		4271
1115		2864
1534		2570
1119		3811
1045		588
1798		470
1121		2072
1115		858
1126		800
1797		3991
1101		2837
2247		516
1797		2302
1119		2327
1500		2258
1136		2541
1131		4609
1133		1958
1121		2566
1102		834
1045		674
1106		1262
1521		2500
1512		2749
1512		2790
1537		657
1502		1004
1103		1001
1106		1869
1123		1429
1782		544
1765		1247

Search results for "winter"
DOC_ID		LINE (in specific work)
1112		524
1121		1580
1534		6051
1132		1942
1106		1521
1126		942
1132		1247
1108		1207
1121		1775
1134		1797
1134		931
1782		3333
1782		3395
1110		3196
1101		1573
1802		2571
1124		3319
1104		1292
1501		1887
1127		2331
1541		3046
1103		111
1513		570
1794		1905
1128		1906
1134		2412
1134		2417
1798		1239
1134		2420
1531		2819
1133		3472
1102		3121
1503		67
1117		3334
1771		1521
1518		3801
1537		2898
1121		3685
1518		3883
1107		2146
1106		2957
1544		184
1544		182
1790		3036
1503		2456
1521		1901
1105		1879
1105		1850
1119		1836
1041		1672
1798		1618
1041		1643
1501		5192
1105		1165
1136		2496
1505		1509
1505		1466
1130		4120
1103		1746
1102		1434
1041		90
1113		802
1113		791
1041		83
1798		1934
1105		298
1105		291
1041		958
1114		1808
1784		1833
1109		3528
1109		3503
1117		3396
1502		1787
1771		2957
1502		4243
1121		1249
1121		1296
1793		2333
1132		1626
1045		974
1121		1064
1101		4024
1773		1216

